13 3 6 3 1596
955 424
2488 2442 2428 2500 1540 1240 1860 2440 2780 2200 1220 1260 0.01 0.01 0.01
2 145 291 37 65 110 64 67 77 86 36 54 84 77 73 1944 1944 0.17 0.02 0.02
3 952 975 20 102 39 19 34 81 40 64 53 89 81 11 2328 2328 0.14 0.04 0.17
4 935 223 143 15 31 71 48 64 19 95 88 58 34 50 1557 1557 0.16 0.09 0.06
5 9 48 118 39 130 66 64 56 65 51 47 33 13 43 2220 2220 0.18 0.03 0.15
6 608 483 121 41 41 82 39 93 19 35 56 96 71 58 1764 1764 0.04 0.07 0.01
7 586 801 50 57 121 16 13 69 22 93 80 22 29 28 1836 1836 0.11 0.06 0.11
8 560 530 15 124 19 98 54 23 76 100 27 15 54 73 1719 1719 0.17 0.07 0.03
9 70 696 116 47 50 47 43 70 75 32 33 28 48 95 1980 1980 0.12 0.18 0.03
10 133 335 43 24 140 29 48 20 18 30 79 40 79 66 2244 2244 0.07 0.01 0.15
11 954 179 44 44 106 70 12 23 71 19 63 59 90 46 1602 1602 0.09 0.02 0.1
12 590 862 31 18 48 35 46 31 77 59 50 13 22 61 2316 2316 0.04 0.06 0.1
13 241 334 25 41 72 49 20 62 87 31 29 42 19 27 1860 1860 0.11 0.1 0.15
-1 1 -1 1 1.8 54 4 800 1 1.4 55 8 900 1 1.5 64 5 1000 -1 2.6 51 6 800 -1 2.8 69 7 900 -1 2.6 56 11 1000 30
